,CHR_x,F,SNP,BP_x,P_x,TOTAL,NSIG,S05,S01,S001,S0001,SP2,CHR_y,BP_y,A1,A2,N,P_y,BETA,MAF
0,3,1,3:46055716:G:A,46055716,9.19e-28,42,0,0,10,2,30,"3:45909644:C:A(1),3:45910870:G:A(1),3:45937833:G:T(1),3:46091058:A:G(1),3:46093858:G:A(1),3:46094462:A:G(1),3:46094623:C:T(1),3:46123839:T:G(1),3:46154253:C:T(1),3:46157067:G:T(1),3:46161037:G:A(1),3:46161631:G:A(1),3:46162751:A:G(1),3:46165252:T:C(1),3:46165809:C:T(1),3:46165994:G:A(1),3:46168665:T:C(1),3:46169631:G:A(1),3:46222037:A:G(1),3:46250374:T:C(1),3:46253789:T:C(1),3:46268013:T:C(1),3:46272162:G:T(1),3:46273727:G:A(1),3:46274259:T:C(1),3:46274766:G:A(1),3:46274886:T:C(1),3:46274906:C:T(1),3:46276078:T:C(1),3:46278919:C:T(1),3:46279150:C:T(1),3:46286663:T:C(1),3:46288011:T:C(1),3:46289403:G:T(1),3:46292339:G:A(1),3:46298373:G:T(1),3:46298377:C:T(1),3:46298901:A:G(1),3:46300870:G:T(1),3:46301786:A:G(1),3:46304064:T:G(1),3:46305441:C:A(1)",3,46055716,G,A,711838,9.19e-28,0.42317,0.1152
1,19,1,19:4719443:G:A,4719443,4.1700000000000006e-21,28,0,8,7,6,7,"19:4617890:T:C(1),19:4619925:T:G(1),19:4623325:C:T(1),19:4714468:C:T(1),19:4715246:G:T(1),19:4717672:A:G(1),19:4718201:G:T(1),19:4719123:C:T(1),19:4720532:G:A(1),19:4720534:G:T(1),19:4723670:C:A(1),19:4724157:G:A(1),19:4724733:G:A(1),19:4724734:G:A(1),19:4726800:A:G(1),19:4729331:T:C(1),19:4731026:C:T(1),19:4731091:A:G(1),19:4732528:A:G(1),19:4733167:C:T(1)",19,4719443,G,A,714592,4.174e-21,0.24627,0.3279
2,21,1,21:34615210:T:C,34615210,1.3e-14,115,69,0,0,2,44,"21:34589270:A:G(1),21:34593122:T:C(1),21:34595255:A:G(1),21:34598385:A:C(1),21:34602246:T:G(1),21:34602305:C:A(1),21:34602794:G:T(1),21:34602934:T:C(1),21:34603880:C:A(1),21:34604557:G:A(1),21:34605531:A:G(1),21:34606634:A:C(1),21:34607223:A:G(1),21:34607436:G:A(1),21:34609596:T:G(1),21:34609944:A:G(1),21:34610487:T:C(1),21:34611992:A:G(1),21:34613301:A:G(1),21:34614250:T:C(1),21:34614255:T:G(1),21:34614834:G:A(1),21:34616923:C:A(1),21:34617213:T:C(1),21:34617729:A:G(1),21:34618285:G:A(1),21:34618313:A:G(1),21:34618439:G:A(1),21:34619445:A:G(1),21:34620207:C:T(1),21:34620451:G:A(1),21:34620801:A:G(1),21:34621948:A:C(1),21:34622536:A:G(1),21:34623919:A:G(1),21:34624917:A:G(1),21:34625413:A:G(1),21:34625998:T:G(1),21:34626654:C:A(1),21:34626854:C:T(1),21:34626855:A:G(1),21:34629175:A:G(1),21:34631133:A:G(1),21:34632241:C:T(1),21:34632316:T:C(1),21:34634878:G:A(1)",21,34615210,T,C,714592,1.301e-14,-0.20152,0.6623
3,3,1,3:46388700:C:T,46388700,5.37e-14,70,13,0,13,3,41,"3:46306474:T:C(1),3:46306700:T:C(1),3:46310840:T:C(1),3:46311782:C:T(1),3:46312847:A:G(1),3:46312953:C:T(1),3:46313334:A:G(1),3:46315657:A:G(1),3:46316005:T:C(1),3:46320120:G:T(1),3:46322171:A:G(1),3:46322289:T:C(1),3:46322713:C:T(1),3:46327512:T:G(1),3:46328627:T:C(1),3:46328715:T:C(1),3:46329368:C:T(1),3:46329475:T:C(1),3:46330205:T:C(1),3:46331852:A:C(1),3:46332184:G:A(1),3:46332276:C:A(1),3:46332999:G:A(1),3:46334846:G:A(1),3:46337356:G:A(1),3:46337692:A:C(1),3:46338831:A:G(1),3:46344999:C:T(1),3:46350056:A:C(1),3:46353199:G:A(1),3:46355492:G:A(1),3:46356048:T:C(1),3:46368690:A:G(1),3:46371581:G:A(1),3:46371793:T:C(1),3:46374653:G:A(1),3:46375555:A:G(1),3:46375657:G:A(1),3:46375737:C:T(1),3:46392131:C:T(1),3:46403681:G:A(1),3:46463874:G:A(1),3:46465356:G:A(1),3:46468467:G:A(1),3:46468699:A:G(1),3:46468861:A:G(1),3:46469384:T:C(1),3:46470534:C:A(1),3:46471739:A:G(1),3:46471978:C:T(1),3:46472575:T:C(1),3:46474902:C:A(1),3:46474992:C:T(1),3:46475323:G:A(1),3:46475406:T:C(1),3:46476710:A:G(1),3:46481305:T:C(1)",3,46388700,C,T,709095,5.37e-14,0.43612,0.05754
4,12,1,12:113381956:C:T,113381956,3.31e-13,29,3,0,1,1,24,"12:113351520:T:G(1),12:113352159:T:C(1),12:113361117:C:T(1),12:113363550:C:T(1),12:113366691:G:A(1),12:113376331:C:A(1),12:113376388:G:A(1),12:113378677:G:A(1),12:113379039:C:T(1),12:113380008:G:A(1),12:113381749:T:C(1),12:113391363:A:G(1),12:113392182:A:G(1),12:113392744:C:T(1),12:113395457:C:T(1),12:113395704:G:A(1),12:113396010:T:C(1),12:113397143:T:C(1),12:113411806:G:A(1),12:113419177:C:T(1),12:113420604:A:G(1),12:113421295:A:G(1),12:113424501:T:G(1),12:113425493:T:C(1),12:113425679:T:C(1),12:113444418:T:C(1)",12,113381956,C,T,714592,3.308e-13,0.18936,0.6733
5,6,1,6:31121232:T:C,31121232,4.71e-12,873,607,186,71,7,2,"6:31045717:C:T(1),6:31070884:G:T(1),6:31083107:T:C(1),6:31083813:T:C(1),6:31084964:T:C(1),6:31085200:A:G(1),6:31085269:A:G(1),6:31085882:A:G(1),6:31086402:G:A(1),6:31086849:A:G(1),6:31086884:A:G(1),6:31087240:C:T(1),6:31087310:T:C(1),6:31087441:T:C(1),6:31087496:G:A(1),6:31087908:T:G(1),6:31087934:G:A(1),6:31088037:T:C(1),6:31088232:A:G(1),6:31088241:C:T(1),6:31088325:A:G(1),6:31088579:A:G(1),6:31088856:T:C(1),6:31089125:A:G(1),6:31089982:A:G(1),6:31093326:A:G(1),6:31093485:A:G(1),6:31095864:G:A(1),6:31097453:T:G(1),6:31098832:G:A(1),6:31100768:T:C(1),6:31101778:T:C(1),6:31106409:A:G(1),6:31106459:C:A(1),6:31109810:G:A(1),6:31109947:C:T(1),6:31112108:G:T(1),6:31113083:G:A(1),6:31113940:T:C(1),6:31114182:A:G(1),6:31115700:A:G(1),6:31116142:G:A(1),6:31117188:C:T(1),6:31117673:C:T(1),6:31118019:T:C(1),6:31118942:T:C(1),6:31119380:G:A(1),6:31120729:C:T(1),6:31121426:G:A(1),6:31123147:C:T(1),6:31128605:C:T(1),6:31129707:C:T(1),6:31133870:G:A(1),6:31134323:C:T(1),6:31134625:A:G(1),6:31135777:T:G(1),6:31135878:G:A(1),6:31136208:C:T(1),6:31141954:T:C(1),6:31144462:G:A(1),6:31146340:C:T(1),6:31150435:A:G(1),6:31153548:C:T(1),6:31154814:A:C(1),6:31156086:T:C(1),6:31159581:G:A(1),6:31159630:A:G(1),6:31164689:C:T(1),6:31178540:T:G(1),6:31179121:A:G(1),6:31179240:G:A(1),6:31182682:C:A(1),6:31234537:G:A(1),6:31255762:A:C(1),6:31320097:C:A(1),6:31352986:G:A(1),6:31353950:A:C(1),6:31354388:G:A(1),6:31354897:G:A(1),6:31355287:G:A(1)",6,31121232,T,C,714592,4.713e-12,0.27497,0.09981
6,3,1,3:45845748:A:C,45845748,4.76e-12,7,6,0,0,0,1,3:45847241:A:G(1),3,45845748,A,C,703642,4.76e-12,0.32435,0.0911
7,3,1,3:46068764:A:C,46068764,2.51e-09,111,68,36,5,0,2,"3:45968668:C:T(1),3:45970409:A:G(1),3:46016599:T:G(1),3:46018277:A:G(1),3:46092347:C:T(1),3:46149162:T:C(1),3:46150051:A:G(1)",3,46068764,A,C,714592,2.512e-09,0.14899,0.3189
8,17,1,17:47940666:C:T,47940666,8.6e-09,28,7,3,1,7,10,"17:47787161:C:T(1),17:47788755:G:A(1),17:47804307:C:T(1),17:47828835:G:A(1),17:47852831:A:C(1),17:47858295:C:T(1),17:47859860:C:T(1),17:47868921:G:A(1),17:47903146:G:A(1),17:47909054:G:T(1),17:47914638:G:A(1),17:47928834:T:C(1),17:47929884:G:A(1),17:47935297:C:T(1),17:47937462:G:A(1),17:47940623:C:A(1),17:47950329:T:C(1),17:47957952:C:T(1)",17,47940666,C,T,710955,8.597e-09,0.3999,0.03468
9,12,1,12:103014757:C:A,103014757,2.6e-08,114,94,10,10,0,0,"12:102991471:A:G(1),12:103014866:A:G(1),12:103021102:G:A(1),12:103024899:G:A(1),12:103025500:A:G(1),12:103026088:T:C(1),12:103034122:C:T(1),12:103034382:A:C(1),12:103034964:G:T(1),12:103036117:G:A(1)",12,103014757,C,A,474987,2.601e-08,-0.20461,0.8854
10,3,1,3:45974968:G:T,45974968,4.64e-08,73,7,2,6,44,14,"3:45864481:G:A(1),3:45888956:T:G(1),3:45899615:G:A(1),3:45900621:A:G(1),3:45904714:A:G(1),3:45905784:G:A(1),3:45906572:C:T(1),3:45910946:T:C(1),3:45954352:A:G(1),3:45957689:C:T(1),3:45960079:C:A(1),3:45961842:C:T(1),3:45963497:G:T(1),3:45964389:T:C(1),3:45966481:T:G(1),3:45968404:T:C(1),3:45975093:A:C(1),3:45982119:T:C(1),3:46010077:C:T(1),3:46017304:A:C(1),3:46020509:T:C(1),3:46020594:T:C(1),3:46032959:T:C(1),3:46038575:G:A(1),3:46043296:T:C(1),3:46058335:T:C(1),3:46069219:A:G(1),3:46070739:C:A(1),3:46074779:G:A(1),3:46079654:A:G(1),3:46081179:G:A(1),3:46083496:C:A(1),3:46086602:A:C(1),3:46094540:T:C(1),3:46095611:C:T(1),3:46096385:C:T(1),3:46100885:G:T(1),3:46101371:T:C(1),3:46101891:A:C(1),3:46107253:A:G(1),3:46118749:T:G(1),3:46126467:T:C(1),3:46127987:T:C(1),3:46130839:A:C(1),3:46133402:A:G(1),3:46135259:A:C(1),3:46137314:G:A(1),3:46137363:G:A(1),3:46142032:T:C(1),3:46143602:T:C(1),3:46150517:A:G(1),3:46154473:G:A(1),3:46154841:A:C(1),3:46157829:T:G(1),3:46158255:A:G(1),3:46158434:T:C(1),3:46163873:A:G(1),3:46164795:A:G(1),3:46166734:T:C(1),3:46170086:G:A(1),3:46172072:T:C(1),3:46173936:A:G(1),3:46175976:C:T(1),3:46175980:T:C(1)",3,45974968,G,T,714592,4.643e-08,0.13564,0.5621
11,3,1,3:197126406:C:T,197126406,1.4e-07,57,6,7,13,18,13,"3:197102943:A:G(1),3:197103058:C:T(1),3:197103681:C:T(1),3:197106409:A:G(1),3:197107319:G:A(1),3:197107352:C:A(1),3:197109634:C:A(1),3:197115690:C:T(1),3:197116538:C:T(1),3:197121113:C:T(1),3:197122814:C:T(1),3:197126185:G:A(1),3:197126303:A:C(1),3:197127523:A:G(1),3:197129049:A:G(1),3:197130197:C:T(1),3:197131473:C:T(1),3:197132530:T:G(1),3:197132746:G:A(1),3:197133082:G:A(1),3:197133217:C:T(1),3:197133648:G:A(1),3:197133798:T:C(1),3:197133945:C:T(1),3:197133986:G:A(1),3:197134110:G:A(1),3:197134124:G:A(1),3:197134434:C:A(1),3:197134866:G:A(1),3:197135002:G:A(1),3:197135045:C:T(1),3:197136335:A:G(1),3:197136848:A:G(1),3:197137017:G:A(1),3:197137868:G:A(1),3:197138123:A:G(1),3:197138149:C:T(1),3:197138365:A:G(1),3:197138398:A:G(1),3:197139455:T:C(1),3:197139721:C:T(1),3:197142360:C:T(1),3:197144237:C:T(1),3:197148659:C:T(1)",3,197126406,C,T,714592,1.401e-07,-0.23588,0.09302
12,7,1,7:107607902:C:T,107607902,2.03e-07,12,12,0,0,0,0,NONE,7,107607902,C,T,714592,2.029e-07,0.19008,0.09066
13,9,1,9:117568766:A:G,117568766,3.57e-07,51,27,11,1,2,10,"9:117547772:T:C(1),9:117552885:T:C(1),9:117553249:T:C(1),9:117558703:C:T(1),9:117563687:T:G(1),9:117564875:T:C(1),9:117566440:A:G(1),9:117569046:T:C(1),9:117579457:G:A(1),9:117580914:C:T(1),9:117592778:G:T(1),9:117619214:T:C(1),9:117627569:G:T(1)",9,117568766,A,G,714592,3.567e-07,0.1328,0.6805
14,1,1,1:155173527:G:A,155173527,3.93e-07,64,24,8,21,6,5,"1:155046903:A:G(1),1:155048369:A:G(1),1:155049414:C:T(1),1:155050596:A:C(1),1:155058046:A:G(1),1:155059869:C:T(1),1:155060318:G:A(1),1:155067533:G:A(1),1:155081089:G:A(1),1:155083360:G:A(1),1:155093326:A:G(1),1:155094189:A:G(1),1:155094213:T:C(1),1:155094412:G:A(1),1:155099963:T:C(1),1:155101171:C:T(1),1:155111409:G:A(1),1:155116664:G:A(1),1:155117977:G:T(1),1:155123617:T:C(1),1:155131686:C:A(1),1:155134919:G:A(1),1:155137395:G:T(1),1:155144757:T:C(1),1:155153537:C:T(1),1:155157853:G:T(1),1:155166193:G:A(1),1:155167786:A:G(1),1:155172725:T:C(1),1:155181989:G:A(1),1:155198222:A:G(1),1:155207733:C:T(1)",1,155173527,G,A,713698,3.926e-07,-0.20277,0.08855
15,1,1,1:237277253:A:G,237277253,5.09e-07,6,1,0,1,1,3,"1:237278541:C:A(1),1:237279677:T:C(1),1:237280205:A:G(1),1:237280469:G:A(1),1:237282672:T:C(1)",1,237277253,A,G,711838,5.089e-07,-0.2794,0.04872
16,2,1,2:229773795:T:C,229773795,5.72e-07,28,11,3,4,8,2,"2:229778823:G:T(1),2:229780970:T:C(1),2:229795051:A:G(1),2:229799792:T:C(1),2:229803281:T:C(1),2:229822600:C:T(1),2:229824149:C:T(1),2:229828747:T:C(1),2:229830299:G:A(1),2:229838324:G:A(1),2:229844295:A:G(1),2:229863607:C:T(1),2:229866801:A:C(1),2:229871093:A:C(1)",2,229773795,T,C,703642,5.722e-07,0.17146,0.3113
17,11,1,11:88104725:C:T,88104725,6.07e-07,157,78,36,25,13,5,"11:88031218:T:C(1),11:88035788:C:T(1),11:88036520:T:C(1),11:88040145:C:A(1),11:88045125:C:T(1),11:88046277:G:A(1),11:88055170:G:A(1),11:88055291:T:C(1),11:88061405:A:C(1),11:88063944:C:T(1),11:88064686:G:A(1),11:88066488:T:C(1),11:88068846:T:C(1),11:88073559:G:A(1),11:88075194:A:G(1),11:88075227:G:A(1),11:88077479:G:A(1),11:88078361:T:C(1),11:88082520:C:T(1),11:88087357:C:T(1),11:88089240:C:T(1),11:88089252:C:T(1),11:88089478:A:G(1),11:88091952:G:A(1),11:88092069:G:A(1),11:88093476:T:C(1),11:88093710:T:C(1),11:88094134:C:T(1),11:88097213:G:T(1),11:88110465:A:G(1),11:88129436:T:C(1),11:88136400:C:T(1),11:88137912:T:C(1),11:88138353:C:T(1),11:88138977:A:C(1),11:88139853:G:A(1),11:88141177:G:A(1),11:88141635:C:T(1),11:88141958:C:T(1),11:88143261:T:C(1),11:88145247:T:C(1),11:88150119:C:T(1),11:88151475:G:T(1)",11,88104725,C,T,475881,6.073e-07,-0.12683,0.4
18,5,1,5:65066483:C:T,65066483,6.55e-07,1,1,0,0,0,0,NONE,5,65066483,C,T,709095,6.552e-07,0.31591,0.03802
19,1,1,1:188500701:C:T,188500701,7.09e-07,61,14,0,2,14,31,"1:188306226:G:A(1),1:188322538:C:A(1),1:188324712:G:T(1),1:188327906:G:A(1),1:188328128:G:T(1),1:188328757:T:C(1),1:188343910:T:C(1),1:188349603:A:C(1),1:188353484:G:A(1),1:188363656:T:C(1),1:188368659:G:A(1),1:188368871:C:T(1),1:188381782:C:T(1),1:188396640:T:C(1),1:188419116:A:G(1),1:188432102:C:A(1),1:188440366:A:G(1),1:188458893:A:G(1),1:188469297:A:G(1),1:188482809:T:C(1),1:188484740:A:C(1),1:188487645:C:T(1),1:188488145:T:C(1),1:188492216:G:A(1),1:188492414:A:G(1),1:188492576:C:T(1),1:188492836:C:A(1),1:188492965:T:C(1),1:188495310:G:T(1),1:188495329:T:G(1),1:188497907:G:A(1),1:188501476:T:C(1),1:188501747:G:A(1),1:188506504:G:A(1),1:188506789:A:C(1),1:188509377:G:T(1),1:188514217:T:C(1),1:188522962:T:C(1),1:188530738:T:C(1),1:188534209:T:C(1),1:188535285:G:A(1),1:188538437:T:C(1),1:188544969:G:A(1),1:188553075:C:T(1),1:188576130:G:A(1),1:188594664:C:T(1),1:188599291:A:G(1)",1,188500701,C,T,703239,7.093e-07,0.53328,0.0143
20,9,1,9:113187399:C:A,113187399,7.79e-07,115,38,22,33,15,7,"9:113162725:A:C(1),9:113167322:A:C(1),9:113168239:A:G(1),9:113169631:G:A(1),9:113171698:T:C(1),9:113176728:T:C(1),9:113176792:C:T(1),9:113178183:G:A(1),9:113178284:T:C(1),9:113185801:A:G(1),9:113187049:G:A(1),9:113187244:A:G(1),9:113187721:A:G(1),9:113188417:T:C(1),9:113189213:T:C(1),9:113191819:T:G(1),9:113193574:C:T(1),9:113197014:C:T(1),9:113199768:C:T(1),9:113200806:T:C(1),9:113205574:A:G(1),9:113207962:A:C(1),9:113208581:C:T(1),9:113213726:A:G(1),9:113218306:T:C(1),9:113219050:G:A(1),9:113222227:A:C(1),9:113233005:C:T(1),9:113233956:C:T(1),9:113234507:T:C(1),9:113235674:G:A(1),9:113236568:T:C(1),9:113236797:T:C(1),9:113237781:T:C(1),9:113238933:C:T(1),9:113239053:C:T(1),9:113239172:T:C(1),9:113239268:C:T(1),9:113239522:C:T(1),9:113239821:G:T(1),9:113240230:T:C(1),9:113240295:A:G(1),9:113240725:C:T(1),9:113240742:C:T(1),9:113240806:C:T(1),9:113240908:C:T(1),9:113243191:C:T(1),9:113244431:A:G(1),9:113244450:G:A(1),9:113246386:A:G(1),9:113247394:G:A(1),9:113247904:C:T(1),9:113250048:A:G(1),9:113251039:A:G(1),9:113251307:C:A(1)",9,113187399,C,A,714592,7.79e-07,-0.12685,0.3214
21,1,1,1:9690476:A:G,9690476,8.11e-07,7,4,0,2,1,0,"1:9588852:G:A(1),1:9615368:G:A(1),1:9645101:C:T(1)",1,9690476,A,G,714592,8.109e-07,0.19634,0.09873
22,19,1,19:50856335:A:G,50856335,9.19e-07,60,10,14,9,0,27,"19:50845704:G:A(1),19:50846561:A:G(1),19:50848025:G:A(1),19:50849211:G:A(1),19:50851055:A:C(1),19:50851330:T:C(1),19:50851759:C:A(1),19:50851934:C:T(1),19:50852276:A:G(1),19:50853352:T:C(1),19:50853646:G:A(1),19:50853680:A:C(1),19:50854149:T:C(1),19:50854260:A:G(1),19:50855094:C:T(1),19:50855236:C:T(1),19:50855701:A:G(1),19:50855792:G:T(1),19:50855878:T:C(1),19:50855935:G:A(1),19:50858019:C:T(1),19:50863023:A:G(1),19:50864721:C:T(1),19:50867106:C:T(1),19:50867492:A:G(1),19:50867729:G:A(1),19:50871147:A:G(1),19:50872118:A:G(1),19:50874162:T:G(1),19:50874794:G:A(1),19:50875685:A:G(1),19:50877680:G:A(1),19:50879140:G:T(1),19:50881326:T:C(1),19:50882172:C:T(1),19:50882619:T:C(1)",19,50856335,A,G,714592,9.194e-07,-0.12397,0.4225
23,3,1,3:46329278:G:A,46329278,9.88e-07,152,81,13,12,15,31,"3:46274765:A:G(1),3:46274960:C:T(1),3:46278647:T:G(1),3:46278670:G:A(1),3:46281744:C:T(1),3:46282174:G:A(1),3:46284093:G:A(1),3:46284496:G:A(1),3:46284558:C:T(1),3:46288473:T:C(1),3:46290335:T:G(1),3:46290955:T:C(1),3:46291353:G:A(1),3:46292338:T:C(1),3:46295777:A:G(1),3:46313692:T:C(1),3:46329008:C:T(1),3:46337606:A:G(1),3:46343534:G:A(1),3:46345611:G:A(1),3:46345742:T:C(1),3:46346036:A:G(1),3:46346271:G:A(1),3:46349352:A:G(1),3:46349707:T:C(1),3:46349711:A:G(1),3:46349905:C:T(1),3:46350358:A:C(1),3:46350367:C:T(1),3:46350725:C:A(1),3:46351446:G:T(1),3:46352384:T:C(1),3:46354839:T:C(1),3:46354972:C:T(1),3:46357030:G:A(1),3:46357144:G:A(1),3:46360437:G:A(1),3:46360607:T:C(1),3:46361193:T:C(1),3:46362332:G:A(1),3:46362591:C:T(1),3:46362724:A:C(1),3:46363186:C:A(1),3:46364676:C:A(1),3:46366269:A:G(1),3:46367010:A:C(1),3:46367918:G:A(1),3:46368461:T:C(1),3:46370115:C:T(1),3:46378025:C:T(1),3:46387292:G:T(1),3:46388188:T:C(1),3:46394419:C:A(1),3:46408731:G:A(1),3:46410036:G:A(1),3:46411542:G:A(1),3:46418342:A:G(1),3:46418689:C:T(1)",3,46329278,G,A,714592,9.875e-07,-0.12777,0.7108
